numWhale=[4000;3000;2000;1000;5000;6000];
numMax=[5000;4500;4000;3500;5500;6000];
numMin=[100;90;80;70;150;200];
coefficient=[0.0001;0.0002;0.0003;0.0004;0.0005;0.0006];
aMmk=[numWhale numMax numMin coefficient];