carPrice=[22045;24350;26200;27515;24990];
payFirst=[1000;1500;750;1500;1000];
payMonth=[500;500;500;500;500];
rateYear=[0.0595;0.055;0.0625;0.06;0.059];
cpr=[carPrice-payFirst payMonth rateYear];