arb=[1000 -1.2 50;500 0.8 -100;-500 0.8 -100;1000 -0.8 100;1000 1 -100];