numOwl=[150;150;100;10];
numMouse=[200;300;200;20];
% OM=[numOwl numMouse];