price=[100;200;100;100];
quantity=[500;500;600;400];